# Position (bp)	A	C	G	T	N
0.0	17.48158070997991	27.059611520428668	14.668452779638313	40.790354989953116	0.0
1.0	30.877427997320833	15.740120562625586	17.54855994641661	35.83389149363697	0.0
2.0	31.459170013386885	16.80053547523427	18.20615796519411	33.53413654618474	0.0
3.0	32.86479250334672	16.80053547523427	19.67871485943775	30.655957161981256	0.0
4.0	29.852744310575634	19.410977242302543	18.741633199464523	31.994645247657296	0.0
5.0	32.1954484605087	17.53681392235609	20.080321285140563	30.187416331994644	0.0
6.0	28.78179384203481	20.147255689424366	18.005354752342704	33.065595716198125	0.0
7.0	32.329317269076306	17.13520749665328	20.34805890227577	30.187416331994644	0.0
8.0	28.380187416331992	21.01740294511379	19.544846050870145	31.05756358768407	0.0
9.0	27.443105756358772	20.214190093708165	20.816599732262382	31.52610441767068	0.0
10.0	31.12449799196787	21.01740294511379	17.60374832663989	30.254350736278447	0.0
11.0	31.593038821954483	19.21017402945114	19.67871485943775	29.518072289156628	0.0
12.0	28.848728246318604	21.218206157965195	16.265060240963855	33.668005354752346	0.0
13.0	31.79384203480589	17.402945113788487	21.4190093708166	29.384203480589022	0.0
14.0	29.183400267737618	21.5528781793842	17.938420348058905	31.32530120481928	0.0
15.0	29.71887550200803	18.54082998661312	21.01740294511379	30.72289156626506	0.0
16.0	29.250334672021417	20.414993306559573	18.87550200803213	31.459170013386885	0.0
17.0	28.17938420348059	19.477911646586346	22.55689424364123	29.78580990629183	0.0
18.0	28.11244979919679	20.281124497991968	20.682730923694777	30.923694779116467	0.0
19.0	31.459170013386885	18.473895582329316	20.615796519410978	29.451137884872825	0.0
20.0	29.451137884872825	21.01740294511379	19.67871485943775	29.852744310575634	0.0
21.0	30.589022757697453	19.21017402945114	20.883534136546185	29.31726907630522	0.0
22.0	28.915662650602407	20.414993306559573	20.01338688085676	30.655957161981256	0.0
23.0	30.32128514056225	18.87550200803213	21.084337349397593	29.71887550200803	0.0
24.0	27.77777777777778	21.151271753681392	19.410977242302543	31.659973226238286	0.0
25.0	32.53012048192771	15.595716198125837	20.883534136546185	30.99062918340027	0.0
26.0	30.187416331994644	20.74966532797858	20.414993306559573	28.647925033467203	0.0
27.0	29.852744310575634	20.01338688085676	20.950468540829988	29.183400267737618	0.0
28.0	30.32128514056225	20.147255689424366	19.611780455153948	29.919678714859437	0.0
29.0	30.655957161981256	20.01338688085676	20.281124497991968	29.049531459170012	0.0
30.0	29.691689008042893	20.777479892761395	19.369973190348524	30.160857908847184	0.0
31.0	32.05902079141516	17.57209926224011	20.12072434607646	30.248155600268277	0.0
32.0	26.86868686868687	20.53872053872054	19.52861952861953	33.063973063973066	0.0
33.0	29.77717758271438	20.99932478055368	19.9864956110736	29.237002025658338	0.0
34.0	28.76526458616011	20.081411126187245	18.588873812754407	32.56445047489824	0.0
35.0	30.8843537414966	18.639455782312925	20.272108843537413	30.20408163265306	0.0
36.0	28.884325804243673	20.670773442847366	17.864476386036962	32.58042436687201	0.0
37.0	32.16011042097999	19.66873706004141	19.73775017253278	28.433402346445824	0.0
38.0	30.60374739764053	20.124913254684245	18.806384455239417	30.46495489243581	0.0
39.0	30.74772886093641	19.84626135569532	19.49685534591195	29.909154437456326	0.0
40.0	29.773691654879777	19.236209335219236	18.741159830268742	32.248939179632245	0.0
41.0	33.28550932568149	18.077474892395983	18.220946915351508	30.416068866571017	0.0
42.0	30.763636363636365	20.436363636363637	17.89090909090909	30.909090909090907	0.0
43.0	31.388478581979324	18.61152141802068	20.236336779911372	29.763663220088628	0.0
44.0	31.357839459864966	20.10502625656414	18.829707426856714	29.707426856714182	0.0
45.0	32.18916857360794	19.145690312738367	18.84057971014493	29.82456140350877	0.0
46.0	30.8651597817615	19.32969602494154	17.77084957131723	32.03429462197974	0.0
47.0	31.583134447096263	18.2975338106603	20.286396181384248	29.832935560859188	0.0
48.0	31.758957654723126	20.928338762214985	16.123778501628664	31.188925081433226	0.0
49.0	31.385642737896497	19.031719532554256	18.781302170283805	30.801335559265443	0.0
50.0	31.011045029736618	22.1750212404418	18.946474086661002	27.86745964316058	0.0
51.0	30.529054640069386	18.820468343451864	19.861231569817868	30.789245446660885	0.0
52.0	30.632235084594832	17.98753339269813	18.788958147818345	32.591273374888694	0.0
53.0	33.05860805860806	16.758241758241756	20.42124542124542	29.761904761904763	0.0
54.0	31.92488262910798	20.281690140845072	18.30985915492958	29.483568075117372	0.0
55.0	32.21153846153847	17.692307692307693	17.5	32.59615384615385	0.0
56.0	29.29493545183714	20.854021847070506	18.073485600794438	31.777557100297916	0.0
57.0	30.275229357798167	18.960244648318042	18.55249745158002	32.21202854230377	0.0
58.0	31.0740354535975	18.039624608967674	16.16266944734098	34.72367049009385	0.0
59.0	34.12017167381974	17.06008583690987	17.918454935622318	30.90128755364807	0.0
60.0	31.180400890868597	21.046770601336302	13.808463251670378	33.96436525612472	0.0
61.0	34.331797235023046	16.82027649769585	18.77880184331797	30.069124423963135	0.0
62.0	30.238095238095237	21.547619047619047	17.5	30.714285714285715	0.0
63.0	33.41614906832298	16.273291925465838	18.633540372670808	31.67701863354037	0.0
64.0	32.778489116517285	18.437900128040972	16.389244558258643	32.3943661971831	0.0
65.0	36.95364238410596	17.748344370860927	19.337748344370862	25.96026490066225	0.0
66.0	33.33333333333333	18.655692729766805	16.46090534979424	31.550068587105624	0.0
67.0	32.67045454545455	18.039772727272727	19.602272727272727	29.6875	0.0
68.0	30.633284241531666	19.145802650957293	17.525773195876287	32.695139911634755	0.0
69.0	33.383685800604226	19.033232628398792	19.486404833836858	28.09667673716012	0.0
70.0	32.70735524256651	15.492957746478872	17.84037558685446	33.95931142410016	0.0
71.0	30.497592295345104	18.45906902086677	22.792937399678973	28.25040128410915	0.0
72.0	32.72425249169435	19.767441860465116	19.601328903654487	27.906976744186046	0.0
73.0	34.602076124567475	16.608996539792386	17.474048442906575	31.314878892733567	0.0
74.0	30.341113105924595	21.005385996409338	17.0556552962298	31.597845601436266	0.0
75.0	32.46268656716418	18.28358208955224	17.537313432835823	31.716417910447763	0.0
76.0	33.71647509578544	18.199233716475096	17.24137931034483	30.842911877394634	0.0
77.0	35.27054108216433	17.43486973947896	22.044088176352705	25.250501002004004	0.0
78.0	28.57142857142857	20.3781512605042	19.747899159663866	31.30252100840336	0.0
79.0	34.924078091106296	16.702819956616054	18.655097613882862	29.718004338394792	0.0
80.0	33.25892857142857	16.964285714285715	15.178571428571427	34.598214285714285	0.0
81.0	34.331797235023046	17.51152073732719	20.276497695852534	27.880184331797235	0.0
82.0	30.14354066985646	20.574162679425836	17.464114832535884	31.818181818181817	0.0
83.0	34.068627450980394	17.401960784313726	16.176470588235293	32.35294117647059	0.0
84.0	29.896907216494846	21.1340206185567	21.391752577319586	27.577319587628867	0.0
85.0	34.852546916890084	18.498659517426276	18.766756032171582	27.882037533512065	0.0
86.0	33.2409972299169	18.005540166204987	17.174515235457065	31.57894736842105	0.0
87.0	29.565217391304348	19.710144927536234	20.869565217391305	29.855072463768117	0.0
88.0	28.22085889570552	19.631901840490798	19.631901840490798	32.515337423312886	0.0
89.0	30.254777070063692	22.29299363057325	19.426751592356688	28.02547770700637	0.0
90.0	36.84210526315789	15.789473684210526	16.776315789473685	30.592105263157894	0.0
91.0	31.506849315068493	20.89041095890411	15.41095890410959	32.19178082191781	0.0
92.0	34.87544483985765	15.302491103202847	14.590747330960854	35.231316725978644	0.0
93.0	32.45283018867924	20.37735849056604	20.754716981132077	26.41509433962264	0.0
94.0	29.01960784313726	20.784313725490197	18.43137254901961	31.76470588235294	0.0
95.0	40.0	17.551020408163264	17.959183673469386	24.489795918367346	0.0
96.0	29.361702127659573	21.70212765957447	19.574468085106382	29.361702127659573	0.0
97.0	35.65217391304348	16.08695652173913	16.956521739130434	31.30434782608696	0.0
98.0	35.42600896860987	18.83408071748879	11.659192825112108	34.08071748878923	0.0
99.0	41.2037037037037	16.666666666666664	17.59259259259259	24.537037037037038	0.0
100.0	31.25	20.673076923076923	14.423076923076922	33.65384615384615	0.0
101.0	32.1608040201005	15.07537688442211	21.105527638190953	31.65829145728643	0.0
102.0	36.26943005181347	20.72538860103627	16.06217616580311	26.94300518134715	0.0
103.0	32.62032085561498	21.390374331550802	18.71657754010695	27.27272727272727	0.0
104.0	28.333333333333332	22.77777777777778	14.444444444444443	34.44444444444444	0.0
105.0	33.52601156069364	17.341040462427745	15.028901734104046	34.104046242774565	0.0
106.0	30.76923076923077	21.301775147928996	15.384615384615385	32.544378698224854	0.0
107.0	30.67484662576687	15.337423312883436	24.539877300613497	29.447852760736197	0.0
108.0	36.53846153846153	18.58974358974359	15.384615384615385	29.48717948717949	0.0
109.0	35.333333333333336	21.333333333333336	14.666666666666666	28.666666666666668	0.0
110.0	28.965517241379313	21.379310344827587	15.172413793103448	34.48275862068966	0.0
111.0	35.97122302158273	13.66906474820144	20.863309352517987	29.496402877697843	0.0
112.0	31.851851851851855	20.74074074074074	20.0	27.40740740740741	0.0
113.0	30.53435114503817	21.374045801526716	19.84732824427481	28.24427480916031	0.0
114.0	26.5625	19.53125	15.625	38.28125	0.0
115.0	33.6	12.0	20.0	34.4	0.0
116.0	30.89430894308943	21.138211382113823	20.32520325203252	27.64227642276423	0.0
117.0	31.666666666666664	17.5	18.333333333333332	32.5	0.0
118.0	31.57894736842105	21.052631578947366	20.175438596491226	27.192982456140353	0.0
119.0	33.33333333333333	10.526315789473683	21.929824561403507	34.21052631578947	0.0
120.0	28.703703703703702	13.88888888888889	26.851851851851855	30.555555555555557	0.0
121.0	34.65346534653465	19.801980198019802	15.841584158415841	29.7029702970297	0.0
122.0	34.065934065934066	18.681318681318682	15.384615384615385	31.868131868131865	0.0
123.0	26.08695652173913	24.637681159420293	21.73913043478261	27.536231884057973	0.0
124.0	19.444444444444446	22.22222222222222	13.88888888888889	44.44444444444444	0.0
