# Position (bp)	A	C	G	T	N
0.0	27.93103448275862	20.086206896551726	16.120689655172413	35.86206896551724	0.0
1.0	32.1551724137931	18.362068965517242	15.431034482758621	34.05172413793103	0.0
2.0	31.120689655172413	17.93103448275862	16.896551724137932	34.05172413793103	0.0
3.0	32.068965517241374	18.362068965517242	18.879310344827584	30.689655172413794	0.0
4.0	32.068965517241374	19.913793103448278	15.344827586206897	32.67241379310345	0.0
5.0	30.344827586206897	17.32758620689655	20.948275862068964	31.379310344827587	0.0
6.0	29.913793103448278	21.637931034482758	15.60344827586207	32.8448275862069	0.0
7.0	33.53448275862069	17.67241379310345	17.32758620689655	31.46551724137931	0.0
8.0	27.500000000000004	20.689655172413794	16.982758620689655	34.82758620689655	0.0
9.0	31.379310344827587	19.137931034482758	18.96551724137931	30.517241379310345	0.0
10.0	28.01724137931034	22.24137931034483	17.586206896551722	32.1551724137931	0.0
11.0	31.810344827586206	16.982758620689655	23.103448275862068	28.10344827586207	0.0
12.0	29.82758620689655	21.982758620689655	17.586206896551722	30.603448275862068	0.0
13.0	30.086206896551726	20.344827586206897	17.413793103448274	32.1551724137931	0.0
14.0	28.01724137931034	21.120689655172413	17.93103448275862	32.93103448275862	0.0
15.0	33.01724137931035	20.344827586206897	18.362068965517242	28.27586206896552	0.0
16.0	29.051724137931036	19.82758620689655	17.75862068965517	33.36206896551724	0.0
17.0	29.13793103448276	18.96551724137931	22.844827586206897	29.051724137931036	0.0
18.0	28.27586206896552	21.379310344827587	17.93103448275862	32.41379310344827	0.0
19.0	30.775862068965516	18.879310344827584	21.20689655172414	29.13793103448276	0.0
20.0	30.344827586206897	20.948275862068964	18.362068965517242	30.344827586206897	0.0
21.0	32.758620689655174	18.96551724137931	18.79310344827586	29.48275862068965	0.0
22.0	29.13793103448276	21.637931034482758	18.620689655172416	30.603448275862068	0.0
23.0	28.10344827586207	18.96551724137931	22.67241379310345	30.258620689655174	0.0
24.0	28.879310344827587	20.689655172413794	17.155172413793103	33.275862068965516	0.0
25.0	29.74137931034483	19.655172413793103	19.310344827586206	31.29310344827586	0.0
26.0	28.448275862068968	19.224137931034484	19.82758620689655	32.5	0.0
27.0	30.258620689655174	21.379310344827587	19.913793103448278	28.448275862068968	0.0
28.0	27.327586206896555	23.017241379310345	18.189655172413794	31.46551724137931	0.0
29.0	30.517241379310345	20.689655172413794	20.603448275862068	28.18965517241379	0.0
30.0	27.93103448275862	22.67241379310345	17.24137931034483	32.1551724137931	0.0
31.0	31.751509922346848	17.083692838654013	18.550474547023295	32.614322691975836	0.0
32.0	29.732065687121867	19.79256698357822	20.224719101123593	30.25064822817632	0.0
33.0	30.363321799307958	19.377162629757784	21.10726643598616	29.1522491349481	0.0
34.0	27.66695576756288	24.544666088464876	15.264527320034693	32.52385082393756	0.0
35.0	27.34375	18.92361111111111	22.30902777777778	31.42361111111111	0.0
36.0	28.310104529616726	20.470383275261327	20.034843205574912	31.18466898954704	0.0
37.0	32.63525305410122	17.801047120418847	20.069808027923212	29.49389179755672	0.0
38.0	31.321084864391953	19.77252843394576	18.460192475940506	30.446194225721783	0.0
39.0	32.30904302019315	19.841966637401228	19.490781387181737	28.35820895522388	0.0
40.0	29.541446208112877	21.428571428571427	16.666666666666664	32.36331569664903	0.0
41.0	30.380868024800712	19.574844995571304	19.75199291408326	30.292294065544727	0.0
42.0	29.270462633451956	22.419928825622776	17.704626334519574	30.604982206405694	0.0
43.0	31.053105310531055	17.1017101710171	19.53195319531953	32.313231323132314	0.0
44.0	26.926563916591117	21.12420670897552	19.945602901178606	32.00362647325476	0.0
45.0	30.980751604032996	19.706691109074242	19.98166819431714	29.330889092575617	0.0
46.0	32.590529247910865	18.105849582172702	19.127205199628598	30.176415970287835	0.0
47.0	29.367327667610954	17.658168083097262	23.418319169027384	29.556185080264402	0.0
48.0	29.106628242074926	21.037463976945244	19.88472622478386	29.971181556195965	0.0
49.0	33.39862879529873	17.238001958863858	19.09892262487757	30.264446620959845	0.0
50.0	33.13373253493014	16.16766467065868	20.159680638722556	30.538922155688624	0.0
51.0	33.63636363636363	18.88888888888889	19.8989898989899	27.575757575757574	0.0
52.0	30.175077239958803	21.524201853759013	17.91967044284243	30.381050463439752	0.0
53.0	31.092436974789916	18.592436974789916	21.743697478991596	28.57142857142857	0.0
54.0	30.89171974522293	19.63906581740977	18.152866242038215	31.316348195329084	0.0
55.0	31.317494600431967	17.818574514038875	19.978401727861772	30.885529157667385	0.0
56.0	28.50828729281768	17.67955801104972	21.325966850828728	32.48618784530387	0.0
57.0	29.471316085489313	19.797525309336333	20.022497187851517	30.708661417322837	0.0
58.0	30.514285714285716	18.628571428571426	17.02857142857143	33.82857142857143	0.0
59.0	32.35638921453693	16.412661195779602	21.570926143024618	29.66002344665885	0.0
60.0	29.665071770334926	19.37799043062201	19.37799043062201	31.57894736842105	0.0
61.0	31.784841075794624	18.82640586797066	18.09290953545232	31.295843520782395	0.0
62.0	30.673316708229425	17.70573566084788	18.703241895261847	32.917705735660846	0.0
63.0	33.71794871794872	17.435897435897434	20.128205128205128	28.717948717948715	0.0
64.0	29.335071707953063	19.556714471968707	19.165580182529336	31.94263363754889	0.0
65.0	30.359520639147803	16.77762982689747	21.438082556591212	31.424766977363518	0.0
66.0	31.923601637107772	19.236016371077763	18.00818553888131	30.832196452933154	0.0
67.0	31.652661064425768	16.5266106442577	20.168067226890756	31.652661064425768	0.0
68.0	34.47782546494993	18.31187410586552	19.170243204577968	28.040057224606578	0.0
69.0	31.81148748159057	19.145802650957293	17.083946980854197	31.958762886597935	0.0
70.0	30.815709969788518	20.54380664652568	16.012084592145015	32.62839879154079	0.0
71.0	30.09259259259259	20.98765432098765	18.67283950617284	30.246913580246915	0.0
72.0	30.063291139240505	16.61392405063291	18.9873417721519	34.335443037974684	0.0
73.0	32.410423452768725	17.42671009771987	19.86970684039088	30.293159609120522	0.0
74.0	31.5	17.166666666666668	16.333333333333332	35.0	0.0
75.0	29.948364888123923	19.27710843373494	23.580034423407916	27.19449225473322	0.0
76.0	31.150442477876105	19.646017699115045	20.884955752212388	28.31858407079646	0.0
77.0	29.09090909090909	20.909090909090907	22.181818181818183	27.81818181818182	0.0
78.0	29.962546816479403	19.475655430711612	21.722846441947567	28.83895131086142	0.0
79.0	34.35114503816794	19.083969465648856	16.793893129770993	29.770992366412212	0.0
80.0	33.07543520309478	18.3752417794971	18.568665377176018	29.980657640232106	0.0
81.0	27.789046653144016	18.66125760649087	18.45841784989858	35.09127789046653	0.0
82.0	29.72972972972973	19.12681912681913	16.424116424116423	34.71933471933472	0.0
83.0	30.406852248394006	16.70235546038544	22.269807280513916	30.620985010706637	0.0
84.0	32.967032967032964	19.12087912087912	20.21978021978022	27.692307692307693	0.0
85.0	32.87981859410431	18.594104308390023	20.181405895691608	28.34467120181406	0.0
86.0	33.87096774193548	17.741935483870968	18.433179723502306	29.953917050691242	0.0
87.0	28.400954653937948	20.52505966587112	20.047732696897373	31.026252983293556	0.0
88.0	30.75	19.75	16.5	33.0	0.0
89.0	32.12435233160622	15.803108808290157	19.689119170984455	32.38341968911917	0.0
90.0	30.18867924528302	21.563342318059302	19.137466307277627	29.110512129380055	0.0
91.0	29.295774647887324	18.30985915492958	19.154929577464788	33.23943661971831	0.0
92.0	29.88165680473373	18.93491124260355	19.82248520710059	31.360946745562128	0.0
93.0	32.23880597014925	20.0	18.507462686567163	29.253731343283583	0.0
94.0	29.96941896024465	20.18348623853211	14.37308868501529	35.47400611620795	0.0
95.0	28.88198757763975	18.012422360248447	20.496894409937887	32.608695652173914	0.0
96.0	31.73076923076923	19.871794871794872	18.91025641025641	29.48717948717949	0.0
97.0	32.78145695364238	16.887417218543046	19.5364238410596	30.79470198675497	0.0
98.0	32.8719723183391	15.22491349480969	22.837370242214533	29.06574394463668	0.0
99.0	30.0	19.28571428571429	20.0	30.714285714285715	0.0
100.0	29.77941176470588	21.323529411764707	19.485294117647058	29.411764705882355	0.0
101.0	30.303030303030305	20.833333333333336	21.21212121212121	27.65151515151515	0.0
102.0	29.615384615384617	18.461538461538463	16.923076923076923	35.0	0.0
103.0	33.203125	18.75	17.1875	30.859375	0.0
104.0	38.775510204081634	15.10204081632653	20.408163265306122	25.71428571428571	0.0
105.0	35.98326359832636	14.225941422594143	16.736401673640167	33.054393305439326	0.0
106.0	33.05084745762712	20.76271186440678	15.254237288135593	30.93220338983051	0.0
107.0	28.26086956521739	13.478260869565217	23.91304347826087	34.34782608695652	0.0
108.0	30.909090909090907	18.181818181818183	16.363636363636363	34.54545454545455	0.0
109.0	32.70142180094787	17.535545023696685	20.379146919431278	29.383886255924168	0.0
110.0	28.846153846153843	17.78846153846154	23.076923076923077	30.288461538461537	0.0
111.0	32.67326732673268	16.831683168316832	17.82178217821782	32.67326732673268	0.0
112.0	34.183673469387756	16.83673469387755	20.408163265306122	28.57142857142857	0.0
113.0	30.89005235602094	14.136125654450263	20.94240837696335	34.031413612565444	0.0
114.0	28.26086956521739	19.021739130434785	17.391304347826086	35.32608695652174	0.0
115.0	30.21978021978022	20.87912087912088	16.483516483516482	32.417582417582416	0.0
116.0	34.26966292134831	17.97752808988764	20.224719101123593	27.52808988764045	0.0
117.0	33.90804597701149	16.666666666666664	20.114942528735632	29.310344827586203	0.0
118.0	31.952662721893493	16.56804733727811	16.56804733727811	34.9112426035503	0.0
119.0	28.65853658536585	17.682926829268293	24.390243902439025	29.268292682926827	0.0
120.0	33.95061728395062	20.98765432098765	18.51851851851852	26.543209876543212	0.0
121.0	30.434782608695656	14.906832298136646	18.633540372670808	36.024844720496894	0.0
122.0	33.77483443708609	22.516556291390728	15.894039735099339	27.81456953642384	0.0
123.0	29.45205479452055	19.863013698630137	20.54794520547945	30.136986301369863	0.0
124.0	28.676470588235293	25.0	11.76470588235294	34.55882352941176	0.0
125.0	30.76923076923077	22.30769230769231	20.76923076923077	26.153846153846157	0.0
126.0	29.365079365079367	19.841269841269842	15.873015873015872	34.92063492063492	0.0
127.0	29.75206611570248	20.66115702479339	21.487603305785125	28.09917355371901	0.0
128.0	21.487603305785125	29.75206611570248	14.87603305785124	33.88429752066116	0.0
129.0	30.909090909090907	24.545454545454547	11.818181818181818	32.72727272727273	0.0
130.0	42.857142857142854	17.142857142857142	11.428571428571429	28.57142857142857	0.0
131.0	32.323232323232325	18.181818181818183	15.151515151515152	34.34343434343434	0.0
132.0	27.55102040816326	21.428571428571427	20.408163265306122	30.612244897959183	0.0
133.0	37.234042553191486	12.76595744680851	22.340425531914892	27.659574468085108	0.0
134.0	25.0	22.82608695652174	20.652173913043477	31.521739130434785	0.0
135.0	35.16483516483517	21.978021978021978	13.186813186813188	29.67032967032967	0.0
136.0	29.67032967032967	23.076923076923077	19.78021978021978	27.472527472527474	0.0
137.0	40.229885057471265	12.643678160919542	13.793103448275861	33.33333333333333	0.0
138.0	35.294117647058826	20.0	20.0	24.705882352941178	0.0
139.0	23.809523809523807	20.238095238095237	19.047619047619047	36.904761904761905	0.0
140.0	31.70731707317073	20.73170731707317	21.951219512195124	25.609756097560975	0.0
141.0	36.25	20.0	17.5	26.25	0.0
142.0	33.76623376623377	20.77922077922078	20.77922077922078	24.675324675324674	0.0
143.0	36.486486486486484	12.162162162162163	14.864864864864865	36.486486486486484	0.0
144.0	31.08108108108108	20.27027027027027	21.62162162162162	27.027027027027028	0.0
145.0	25.0	30.555555555555557	20.833333333333336	23.61111111111111	0.0
146.0	24.285714285714285	21.428571428571427	24.285714285714285	30.0	0.0
147.0	26.47058823529412	23.52941176470588	17.647058823529413	32.35294117647059	0.0
148.0	36.76470588235294	17.647058823529413	10.294117647058822	35.294117647058826	0.0
149.0	29.230769230769234	12.307692307692308	27.692307692307693	30.76923076923077	0.0
150.0	42.1875	14.0625	21.875	21.875	0.0
151.0	32.25806451612903	22.58064516129032	22.58064516129032	22.58064516129032	0.0
152.0	31.666666666666664	20.0	13.333333333333334	35.0	0.0
153.0	32.20338983050847	16.94915254237288	15.254237288135593	35.59322033898305	0.0
154.0	38.59649122807017	17.543859649122805	15.789473684210526	28.07017543859649	0.0
155.0	26.41509433962264	20.754716981132077	15.09433962264151	37.735849056603776	0.0
156.0	34.61538461538461	21.153846153846153	17.307692307692307	26.923076923076923	0.0
157.0	32.0	16.0	14.000000000000002	38.0	0.0
158.0	34.69387755102041	20.408163265306122	12.244897959183673	32.6530612244898	0.0
159.0	35.41666666666667	22.916666666666664	10.416666666666668	31.25	0.0
160.0	35.55555555555556	13.333333333333334	11.11111111111111	40.0	0.0
161.0	34.883720930232556	18.6046511627907	23.25581395348837	23.25581395348837	0.0
162.0	37.2093023255814	18.6046511627907	11.627906976744185	32.55813953488372	0.0
163.0	41.86046511627907	11.627906976744185	16.27906976744186	30.23255813953488	0.0
164.0	30.23255813953488	9.30232558139535	23.25581395348837	37.2093023255814	0.0
165.0	32.55813953488372	25.581395348837212	23.25581395348837	18.6046511627907	0.0
166.0	30.952380952380953	11.904761904761903	16.666666666666664	40.476190476190474	0.0
167.0	29.268292682926827	24.390243902439025	26.82926829268293	19.51219512195122	0.0
168.0	21.951219512195124	17.073170731707318	14.634146341463413	46.34146341463415	0.0
169.0	32.5	15.0	12.5	40.0	0.0
170.0	26.31578947368421	18.421052631578945	23.684210526315788	31.57894736842105	0.0
171.0	30.555555555555557	11.11111111111111	33.33333333333333	25.0	0.0
172.0	31.428571428571427	31.428571428571427	17.142857142857142	20.0	0.0
173.0	26.47058823529412	14.705882352941178	17.647058823529413	41.17647058823529	0.0
174.0	39.39393939393939	12.121212121212121	21.21212121212121	27.27272727272727	0.0
175.0	32.25806451612903	12.903225806451612	25.806451612903224	29.03225806451613	0.0
176.0	46.666666666666664	23.333333333333332	13.333333333333334	16.666666666666664	0.0
177.0	30.0	20.0	30.0	20.0	0.0
178.0	40.74074074074074	22.22222222222222	22.22222222222222	14.814814814814813	0.0
179.0	28.000000000000004	16.0	24.0	32.0	0.0
180.0	40.0	24.0	8.0	28.000000000000004	0.0
181.0	39.130434782608695	30.434782608695656	13.043478260869565	17.391304347826086	0.0
182.0	43.47826086956522	21.73913043478261	26.08695652173913	8.695652173913043	0.0
183.0	36.36363636363637	18.181818181818183	13.636363636363635	31.818181818181817	0.0
184.0	38.095238095238095	9.523809523809524	14.285714285714285	38.095238095238095	0.0
185.0	33.33333333333333	16.666666666666664	22.22222222222222	27.77777777777778	0.0
186.0	22.22222222222222	16.666666666666664	22.22222222222222	38.88888888888889	0.0
187.0	16.666666666666664	27.77777777777778	22.22222222222222	33.33333333333333	0.0
188.0	33.33333333333333	22.22222222222222	11.11111111111111	33.33333333333333	0.0
189.0	11.11111111111111	38.88888888888889	0.0	50.0	0.0
190.0	33.33333333333333	13.333333333333334	13.333333333333334	40.0	0.0
191.0	26.666666666666668	20.0	33.33333333333333	20.0	0.0
192.0	42.857142857142854	21.428571428571427	21.428571428571427	14.285714285714285	0.0
193.0	35.714285714285715	7.142857142857142	7.142857142857142	50.0	0.0
194.0	42.857142857142854	21.428571428571427	7.142857142857142	28.57142857142857	0.0
195.0	35.714285714285715	42.857142857142854	0.0	21.428571428571427	0.0
196.0	28.57142857142857	7.142857142857142	14.285714285714285	50.0	0.0
197.0	30.76923076923077	15.384615384615385	15.384615384615385	38.46153846153847	0.0
198.0	16.666666666666664	41.66666666666667	25.0	16.666666666666664	0.0
199.0	30.0	10.0	20.0	40.0	0.0
200.0	30.0	20.0	30.0	20.0	0.0
201.0	20.0	20.0	20.0	40.0	0.0
202.0	30.0	20.0	20.0	30.0	0.0
203.0	50.0	0.0	20.0	30.0	0.0
204.0	30.0	0.0	10.0	60.0	0.0
205.0	62.5	25.0	0.0	12.5	0.0
206.0	28.57142857142857	14.285714285714285	28.57142857142857	28.57142857142857	0.0
207.0	33.33333333333333	33.33333333333333	16.666666666666664	16.666666666666664	0.0
208.0	16.666666666666664	16.666666666666664	33.33333333333333	33.33333333333333	0.0
209.0	40.0	20.0	0.0	40.0	0.0
210.0	60.0	20.0	20.0	0.0	0.0
211.0	20.0	0.0	20.0	60.0	0.0
212.0	60.0	20.0	20.0	0.0	0.0
213.0	20.0	0.0	20.0	60.0	0.0
214.0	50.0	25.0	25.0	0.0	0.0
215.0	75.0	0.0	25.0	0.0	0.0
216.0	0.0	0.0	33.33333333333333	66.66666666666666	0.0
217.0	66.66666666666666	33.33333333333333	0.0	0.0	0.0
218.0	33.33333333333333	33.33333333333333	0.0	33.33333333333333	0.0
219.0	0.0	33.33333333333333	0.0	66.66666666666666	0.0
220.0	33.33333333333333	33.33333333333333	33.33333333333333	0.0	0.0
221.0	33.33333333333333	33.33333333333333	0.0	33.33333333333333	0.0
222.0	50.0	0.0	0.0	50.0	0.0
223.0	0.0	0.0	100.0	0.0	0.0
224.0	0.0	0.0	100.0	0.0	0.0
225.0	0.0	0.0	100.0	0.0	0.0
226.0	0.0	0.0	0.0	100.0	0.0
227.0	0.0	100.0	0.0	0.0	0.0
228.0	0.0	100.0	0.0	0.0	0.0
229.0	0.0	0.0	0.0	100.0	0.0
230.0	100.0	0.0	0.0	0.0	0.0
231.0	0.0	100.0	0.0	0.0	0.0
232.0	NaN	NaN	NaN	NaN	NaN
233.0	NaN	NaN	NaN	NaN	NaN
234.0	NaN	NaN	NaN	NaN	NaN
235.0	NaN	NaN	NaN	NaN	NaN
236.0	NaN	NaN	NaN	NaN	NaN
237.0	NaN	NaN	NaN	NaN	NaN
